99.6398
99.5607
99.5227
99.0548
98.7788
98.7287
98.4264
98.2081
97.9669
97.2889
96.7881
96.7189
96.2441
96.0954
95.371
95.2142
94.8465
94.8147
94.5128
94.2781
93.9675
93.8789
93.6314
93.5407
93.4571
93.193
93.1434
92.504
92.085
91.6091
91.4246
90.1057
89.9971
89.4989
89.2288
88.9611
88.934
88.8935
88.629
88.5226
88.4045
88.0379
87.5699
87.2455
87.177
87.1603
86.6572
86.5877
85.9026
85.2753
85.1504
84.9949
84.879
84.6359
84.6343
84.6034
84.3887
84.1033
83.3466
83.1797
82.6845
82.0326
81.9857
81.8686
81.6546
81.5936
81.4843
81.3317
80.8667
80.4239
79.3983
79.2108
79.0868
78.7917
78.3157
78.0703
77.0866
77.0699
76.9293
76.8158
76.7481
76.5149
76.386
76.0127
75.932
75.9056
75.7549
75.2628
74.2829
73.9296
73.8023
73.1475
72.99
72.9054
72.1506
72.0225
71.8941
71.457
71.433
71.2313
71.173
70.9697
70.5967
70.5532
70.421
70.1857
69.7758
69.275
68.6061
68.2108
68.0467
67.9356
67.7375
67.4367
66.8443
66.6181
65.1247
64.8342
64.11
63.6504
63.6176
63.5152
63.3111
63.2694
62.746
62.4089
61.853
61.0526
61.0138
60.9385
60.6949
60.1485
59.6757
59.6688
59.5533
58.469
58.4619
57.8027
56.6787
56.3693
55.8214
54.7412
54.5974
54.5868
54.4612
54.3622
54.26
53.9694
53.9036
53.8631
53.5767
53.3661
52.7042
52.5741
52.4714
52.2455
51.8849
50.364
50.1429
50.0194
49.9993
49.7664
49.7644
49.628
49.6039
49.4831
48.8666
48.7697
48.1583
47.5969
47.3994
46.9937
46.5157
46.2122
45.9637
45.8562
45.8386
44.1154
43.0699
42.7668
42.0949
42.0846
41.9244
41.6966
41.4376
41.3513
41.1333
41.1204
40.8285
40.2885
40.2602
40.1169
38.6264
38.0671
37.9341
37.8598
37.2813
36.9802
36.6214
36.2979
36.1702
35.0724
34.9081
34.7873
34.4355
34.2284
34.1848
33.4308
33.3342
32.9271
32.4387
32.3996
32.2668
32.0455
31.9376
31.8257
31.4239
30.5198
30.4202
29.8118
29.7306
28.9727
28.8912
28.6858
28.6227
28.5388
28.192
28.1514
28.1452
28.1251
27.7133
27.5681
26.875
26.8481
26.8363
26.6655
26.6494
26.6028
26.5927
26.5878
26.305
26.1564
26.092
26.0912
25.368
25.0928
24.3745
24.0781
23.683
23.4377
23.2207
22.2318
22.1493
22.1222
22.0888
21.6754
21.3534
21.257
21.0226
20.8689
20.793
19.8831
19.7583
19.4147
19.3554
19.1564
19.0486
18.6979
18.1093
17.9202
17.6033
17.506
17.2702
17.246
17.0866
16.9764
16.5215
15.8767
15.7071
14.4678
14.1912
13.4498
12.9506
12.7424
11.9923
11.3894
11.3497
11.1453
11.0394
10.5779
10.5377
10.3061
9.73384
9.52412
9.51707
9.07174
9.06205
8.66215
7.62481
7.37933
7.30377
6.60576
6.56351
6.1314
6.12718
6.11424
5.7562
5.49961
4.73285
4.67879
4.20953
4.13955
3.95179
3.9322
3.7663
3.75545
3.72765
3.29547
3.18167
2.97459
2.23665
2.1862
2.15317
1.97158
1.95317
1.88569
1.76125
1.28149
0.982285
0.823289
0.690698
0.500862
0.139622
Time Taken (microseconds): 817
