-- Kruskal's Algorithm --
(1, 42)
(1, 94)
(4, 59)
(4, 92)
(5, 76)
(5, 87)
(6, 12)
(8, 29)
(8, 80)
(10, 22)
(10, 58)
(11, 53)
(12, 75)
(14, 16)
(15, 49)
(16, 55)
(17, 63)
(17, 79)
(21, 25)
(22, 65)
(23, 74)
(28, 34)
(33, 96)
(34, 46)
(34, 69)
(39, 73)
(40, 83)
(41, 46)
(41, 52)
(41, 72)
(41, 96)
(43, 96)
(45, 67)
(48, 61)
(48, 93)
(51, 99)
(59, 80)
(64, 87)
(65, 89)
(66, 72)
(72, 95)
(74, 79)
(0, 44)
(1, 10)
(1, 18)
(3, 6)
(3, 61)
(3, 74)
(4, 34)
(4, 40)
(5, 53)
(5, 82)
(5, 92)
(5, 98)
(7, 98)
(8, 77)
(10, 60)
(14, 31)
(14, 39)
(14, 65)
(14, 83)
(17, 33)
(18, 51)
(18, 88)
(19, 41)
(20, 83)
(21, 78)
(25, 35)
(25, 62)
(25, 88)
(33, 49)
(36, 37)
(37, 90)
(37, 92)
(41, 57)
(43, 86)
(47, 55)
(50, 64)
(53, 54)
(54, 85)
(62, 68)
(71, 74)
(89, 91)
(89, 97)
(0, 97)
(1, 30)
(2, 93)
(7, 56)
(9, 45)
(11, 81)
(13, 75)
(24, 33)
(26, 69)
(27, 60)
(38, 52)
(45, 84)
(55, 70)
(9, 48)
(32, 59)
-- Travelling Salesman --
0 -> 44 -> 87 -> 5 -> 76 -> 30 -> 1 -> 42 -> 24 -> 33 -> 96 -> 41 -> 46 -> 34 -> 28 -> 81 -> 11 -> 53 -> 54 -> 85 -> 14 -> 16 -> 55 -> 47 -> 80 -> 8 -> 29 -> 51 -> 99 -> 37 -> 36 -> 21 -> 25 -> 35 -> 64 -> 50 -> 48 -> 61 -> 3 -> 6 -> 12 -> 75 -> 13 -> 70 -> 7 -> 98 -> 38 -> 52 -> 68 -> 62 -> 4 -> 59 -> 66 -> 72 -> 95 -> 49 -> 15 -> 90 -> 32 -> 69 -> 26 -> 94 -> 86 -> 43 -> 39 -> 73 -> 79 -> 17 -> 63 -> 60 -> 10 -> 22 -> 65 -> 89 -> 91 -> 67 -> 45 -> 9 -> 82 -> 31 -> 77 -> 84 -> 97 -> 27 -> 57 -> 20 -> 83 -> 40 -> 2 -> 93 -> 92 -> 71 -> 74 -> 23 -> 58 -> 56 -> 88 -> 18 -> 78 -> 19 -> 0
-- Ford-Fulkerson --
4896
-- Convex Hull --
(43, 0)
(62, 0)
(81, 2)
(86, 11)
(100, 38)
(100, 69)
(95, 91)
(85, 99)
(70, 100)
(20, 99)
(5, 90)
(0, 71)
(0, 44)
(1, 16)
(28, 2)
